[?25l[0m                        [0m
                        [0m
         [38;2;154;159;53m▄[38;2;189;171;65;48;2;186;143;36m▄[38;2;198;146;68;48;2;228;143;46m▄[38;2;212;120;70;48;2;234;113;53m▄[38;2;227;97;68;48;2;198;75;48m▄[0m[38;2;195;67;54m▄[0m         [0m
        [38;2;106;161;87m▄[38;2;113;178;116;48;2;148;185;88m▄[38;2;109;164;130;48;2;148;168;95m▄[38;2;118;147;137;48;2;159;148;99m▄[38;2;140;130;135;48;2;180;126;97m▄[38;2;168;112;122;48;2;202;105;89m▄[38;2;196;96;106;48;2;223;87;79m▄[0m[38;2;176;68;74m▄[0m        [0m
       [38;2;45;91;69m▄[38;2;77;171;155;48;2;100;182;126m▄[38;2;65;159;180;48;2;84;169;148m▄[38;2;60;149;199;48;2;78;157;166m▄[38;2;63;141;210;48;2;84;144;177m▄[38;2;75;133;210;48;2;102;132;175m▄[38;2;98;126;200;48;2;130;119;163m▄[38;2;127;116;182;48;2;162;106;143m▄[38;2;157;107;159;48;2;191;94;121m▄[0m        [0m
       [38;2;58;158;184;48;2;57;134;128m▄[38;2;53;150;210;48;2;62;160;184m▄[38;2;50;142;228;48;2;54;149;207m▄[38;2;49;137;240;48;2;51;142;224m▄[38;2;49;135;246;48;2;53;138;233m▄[38;2;53;134;247;48;2;60;134;234m▄[38;2;62;133;244;48;2;75;130;228m▄[38;2;76;131;237;48;2;97;126;215m▄[38;2;97;129;225;48;2;124;120;197m▄[38;2;118;124;207;48;2;111;86;136m▄[0m       [0m
      [38;2;29;96;139m▄[38;2;47;142;228;48;2;51;149;209m▄[38;2;48;137;242;48;2;50;142;229m▄[38;2;35;97;180;48;2;49;137;242m▄[0m[7m[38;2;45;124;230m▄[38;2;32;89;168m▄[38;2;34;90;169m▄[38;2;51;125;234m▄[0m[38;2;43;101;188;48;2;64;135;249m▄[38;2;66;137;251;48;2;78;135;243m▄[38;2;79;138;247;48;2;96;135;234m▄[0m[38;2;56;86;151m▄[0m      [0m
      [38;2;44;138;237;48;2;40;135;214m▄[38;2;46;135;247;48;2;46;138;240m▄[0m[7m[38;2;42;118;218m▄[0m      [7m[38;2;53;122;227m▄[0m[38;2;59;136;253;48;2;67;138;252m▄[38;2;66;138;252;48;2;71;129;232m▄[0m      [0m
     [38;2;45;136;243;48;2;35;113;192m▄[38;2;44;127;236;48;2;46;136;244m▄[0m[7m[38;2;34;97;181m▄[0m        [7m[38;2;41;102;192m▄[0m[38;2;51;129;243;48;2;59;136;253m▄[38;2;57;135;253;48;2;49;107;198m▄[0m     [0m
   [38;2;41;120;218m▄[38;2;44;125;231;48;2;43;130;232m▄[0m[7m[38;2;46;132;244m▄[0m            [7m[38;2;51;132;251m▄[0m[38;2;47;125;238;48;2;51;126;238m▄[0m[38;2;41;109;207m▄[0m   [0m
                        [0m
                        [0m
[?25h